1.597281 1.748278 1.806598 1.840409 1.862790 1.875526 1.889667 1.900601 1.904928 1.911932 1.916653 1.919830 1.926730 1.929908 1.934088 1.934654 1.936477 1.940593 1.942939 1.942464 
1.149149 1.288211 1.352004 1.386692 1.401672 1.418600 1.425774 1.434944 1.442407 1.445522 1.453212 1.453272 1.457737 1.460018 1.463206 1.463266 1.464869 1.468043 1.469701 1.469680 
1.086950 1.095314 1.163973 1.203087 1.225289 1.240875 1.254163 1.263012 1.270635 1.275759 1.279493 1.284549 1.287376 1.291107 1.292028 1.296083 1.296435 1.299373 1.300626 1.302551 
1.083002 1.045190 1.061815 1.099065 1.125639 1.147351 1.159774 1.170294 1.177627 1.184201 1.191179 1.194220 1.198804 1.203113 1.204842 1.208144 1.208981 1.211922 1.214370 1.215075 
1.083931 1.039503 1.030457 1.037097 1.059953 1.081841 1.097999 1.110929 1.118062 1.127019 1.132462 1.137127 1.143147 1.147315 1.149862 1.153759 1.155497 1.157644 1.159758 1.161723 
1.085274 1.045275 1.026499 1.021980 1.024073 1.034522 1.051029 1.066070 1.076222 1.084754 1.091887 1.097064 1.102414 1.107521 1.111246 1.114665 1.116789 1.119898 1.121816 1.124129 
1.084837 1.040412 1.028399 1.023270 1.017263 1.017338 1.021593 1.031623 1.043224 1.050741 1.060855 1.066218 1.072646 1.077083 1.081321 1.084440 1.087726 1.091179 1.093853 1.095675 
1.093817 1.045216 1.026180 1.021333 1.017683 1.015989 1.013924 1.015141 1.019594 1.025937 1.034175 1.040447 1.046785 1.052762 1.057342 1.061812 1.064654 1.068301 1.070802 1.073661 
1.109485 1.044211 1.026099 1.021668 1.018069 1.016139 1.013615 1.012382 1.011947 1.012528 1.016090 1.020536 1.026310 1.032153 1.037351 1.042133 1.045326 1.049290 1.052066 1.055219 
1.162612 1.039836 1.029114 1.024652 1.017495 1.016171 1.014289 1.012151 1.011919 1.009778 1.009748 1.010200 1.013296 1.016138 1.020584 1.024281 1.028666 1.032791 1.036393 1.038915 
1.162668 1.043557 1.027309 1.021397 1.018060 1.017129 1.013820 1.012891 1.011669 1.010709 1.009872 1.008505 1.008194 1.008586 1.010259 1.013431 1.015497 1.018898 1.021937 1.025529 
1.043221 1.043104 1.027678 1.022058 1.018382 1.017003 1.014257 1.013501 1.011993 1.010855 1.010145 1.008445 1.007979 1.007793 1.007737 1.008328 1.008432 1.009607 1.011486 1.014228 
1.597281 1.748278 1.806598 1.840409 1.862790 1.875526 1.889667 1.900601 1.904928 1.911932 1.916653 1.919830 1.926730 1.929908 1.934088 1.934654 1.936477 1.940593 1.942939 1.942464 
1.149149 1.288211 1.352004 1.386692 1.401672 1.418600 1.425774 1.434944 1.442407 1.445522 1.453212 1.453272 1.457737 1.460018 1.463206 1.463266 1.464869 1.468043 1.469701 1.469680 
1.086950 1.095314 1.163973 1.203087 1.225289 1.240875 1.254163 1.263012 1.270635 1.275759 1.279493 1.284549 1.287376 1.291107 1.292028 1.296083 1.296435 1.299373 1.300626 1.302551 
1.083002 1.045190 1.061815 1.099065 1.125639 1.147351 1.159774 1.170294 1.177627 1.184201 1.191179 1.194220 1.198804 1.203113 1.204842 1.208144 1.208981 1.211922 1.214370 1.215075 
1.083931 1.039503 1.030457 1.037097 1.059953 1.081841 1.097999 1.110929 1.118062 1.127019 1.132462 1.137127 1.143147 1.147315 1.149862 1.153759 1.155497 1.157644 1.159758 1.161723 
1.162668 1.043289 1.026600 1.020894 1.018405 1.016370 1.013516 1.012628 1.011451 1.018368 1.018146 1.018229 1.012231 1.016008 1.020253 1.025521 1.028831 1.032979 1.035979 1.039321 
1.162612 1.038272 1.028900 1.024987 1.018192 1.016064 1.014616 1.012324 1.019695 1.010127 1.009006 1.008726 1.009109 1.008686 1.010287 1.012984 1.015095 1.018773 1.022449 1.025078 
1.025221 1.038699 1.030550 1.022762 1.018829 1.016457 1.013517 1.020173 1.011741 1.009975 1.009500 1.008443 1.008577 1.007625 1.007611 1.007166 1.008561 1.009570 1.011576 1.013982 
